image_width: 1280
image_height: 720
camera_name: narrow_stereo
camera_matrix:
  rows: 3
  cols: 3
  data: [920.4717429999999, 0, 652.816515, 0, 927.301113, 319.53061, 0, 0, 1]
distortion_model: plumb_bob
distortion_coefficients:
  rows: 1
  cols: 5
  data: [0.057451, -0.137874, -0.005908999999999999, 0.008999, 0]
rectification_matrix:
  rows: 3
  cols: 3
  data: [1, 0, 0, 0, 1, 0, 0, 0, 1]
projection_matrix:
  rows: 3
  cols: 4
  data: [914.4415279999999, 0, 667.106566, 0, 0, 937.188599, 315.973785, 0, 0, 0, 1, 0]