# oST version 5.0 parameters


[image]

width
1280

height
720

[narrow_stereo]

camera matrix
920.471743 0.000000 652.816515
0.000000 927.301113 319.530610
0.000000 0.000000 1.000000

distortion
0.057451 -0.137874 -0.005909 0.008999 0.000000

rectification
1.000000 0.000000 0.000000
0.000000 1.000000 0.000000
0.000000 0.000000 1.000000

projection
914.441528 0.000000 667.106566 0.000000
0.000000 937.188599 315.973785 0.000000
0.000000 0.000000 1.000000 0.000000

